Run 1:
A:
[[26 74 12]]
[[27 13 96]]
[[84 74 39]]


L:
[1 0 0]
[13/42 1 0]
[9/28 -453/2146 1]


U:
[84 74 39]
[0 1073/21 -1/14]
[0 0 89541/1073]


Product of PA:
[[84 74 39]]
[[26 74 12]]
[[27 13 96]]


Product of LU:
[84 74 39]
[26 74 12]
[27 13 96]


Run 2:
A:
[[13 36 84]]
[[50 27 24]]
[[50 82 24]]


L:
[1 0 0]
[1 1 0]
[13/50 1449/2750 1]


U:
[50 27 24]
[0 55 0]
[0 0 1944/25]


Product of PA:
[[50 27 24]]
[[50 82 24]]
[[13 36 84]]


Product of LU:
[50 27 24]
[50 82 24]
[13 36 84]


Run 3:
A:
[[8 23 72]]
[[57 52 96]]
[[76 44 94]]


L:
[1 0 0]
[3/4 1 0]
[2/19 349/361 1]


U:
[76 44 94]
[0 19 51/2]
[0 0 27041/722]


Product of PA:
[[76 44 94]]
[[57 52 96]]
[[8 23 72]]


Product of LU:
[76 44 94]
[57 52 96]
[8 23 72]


Run 4:
A:
[[66 44 77]]
[[99 34 40]]
[[7 7 41]]


L:
[1 0 0]
[2/3 1 0]
[7/99 455/2112 1]


U:
[99 34 40]
[0 64/3 151/3]
[0 0 1749/64]


Product of PA:
[[99 34 40]]
[[66 44 77]]
[[7 7 41]]


Product of LU:
[99 34 40]
[66 44 77]
[7 7 41]


Run 5:
A:
[[49 17 33]]
[[37 79 74]]
[[67 66 2]]


L:
[1 0 0]
[37/67 1 0]
[49/67 -2095/2851 1]


U:
[67 66 2]
[0 2851/67 4884/67]
[0 0 242629/2851]


Product of PA:
[[67 66 2]]
[[37 79 74]]
[[49 17 33]]


Product of LU:
[67 66 2]
[37 79 74]
[49 17 33]


Run 6:
A:
[[87 90 8]]
[[43 72 69]]
[[57 45 71]]


L:
[1 0 0]
[43/87 1 0]
[19/29 -135/266 1]


U:
[87 90 8]
[0 798/29 5659/87]
[0 0 26273/266]


Product of PA:
[[87 90 8]]
[[43 72 69]]
[[57 45 71]]


Product of LU:
[87 90 8]
[43 72 69]
[57 45 71]


Run 7:
A:
[[50 71 96]]
[[87 60 43]]
[[94 15 17]]


L:
[1 0 0]
[25/47 1 0]
[87/94 4335/5924 1]


U:
[94 15 17]
[0 2962/47 4087/47]
[0 0 -215437/5924]


Product of PA:
[[94 15 17]]
[[50 71 96]]
[[87 60 43]]


Product of LU:
[94 15 17]
[50 71 96]
[87 60 43]


Run 8:
A:
[[24 83 16]]
[[42 8 91]]
[[99 84 51]]


L:
[1 0 0]
[8/33 1 0]
[14/33 -304/689 1]


U:
[99 84 51]
[0 689/11 40/11]
[0 0 48897/689]


Product of PA:
[[99 84 51]]
[[24 83 16]]
[[42 8 91]]


Product of LU:
[99 84 51]
[24 83 16]
[42 8 91]


Run 9:
A:
[[60 50 84]]
[[40 22 75]]
[[96 88 8]]


L:
[1 0 0]
[5/8 1 0]
[5/12 44/15 1]


U:
[96 88 8]
[0 -5 79]
[0 0 -2401/15]


Product of PA:
[[96 88 8]]
[[60 50 84]]
[[40 22 75]]


Product of LU:
[96 88 8]
[60 50 84]
[40 22 75]


Run 10:
A:
[[33 56 77]]
[[58 66 79]]
[[22 73 74]]


L:
[1 0 0]
[11/29 1 0]
[33/58 5/13 1]


U:
[58 66 79]
[0 1391/29 1277/29]
[0 0 393/26]


Product of PA:
[[58 66 79]]
[[22 73 74]]
[[33 56 77]]


Product of LU:
[58 66 79]
[22 73 74]
[33 56 77]


